[ 4093.053044] [Project1] 1883 1588319784.170000435 1588319784.918242185
[ 4094.621247] [Project1] 1884 1588319785.743902492 1588319786.486499239
[ 4096.154055] [Project1] 1885 1588319787.282522328 1588319788.019350704
[ 4097.702181] [Project1] 1886 1588319788.832734502 1588319789.567523963
[ 4099.247904] [Project1] 1887 1588319790.375250288 1588319791.113294180
[ 4100.793358] [Project1] 1888 1588319791.921561082 1588319792.658793979
[ 4102.340848] [Project1] 1889 1588319793.468016071 1588319794.206328300
[ 4103.891330] [Project1] 1890 1588319795.015010628 1588319795.756855211
[ 4105.436721] [Project1] 1891 1588319796.558116781 1588319797.302293097
[ 4106.984473] [Project1] 1892 1588319798.109789426 1588319798.850092805
