[48150.033043] [Project1] 12014 1588171674.129152784 1588171674.888442701
[48151.581327] [Project1] 12015 1588171675.668668964 1588171676.436741520
[48153.105258] [Project1] 12016 1588171677.188360366 1588171677.960681593
[48154.637877] [Project1] 12017 1588171678.710771283 1588171679.493312964
[48156.175289] [Project1] 12018 1588171680.255754682 1588171681.030738644
[48157.701899] [Project1] 12019 1588171681.775798245 1588171682.557360746
[48159.236654] [Project1] 12020 1588171683.309653930 1588171684.092093177
[48160.768329] [Project1] 12021 1588171684.838425350 1588171685.623822370
[48162.278398] [Project1] 12022 1588171686.368315645 1588171687.133903096
[48163.812591] [Project1] 12023 1588171687.891132676 1588171688.668111842
